13 111 2 126
14 110 2 126
12 132 1 145
12 128 1 141
15 121 2 138
14 138 1 153
15 109 1 125
15 111 1  127
13 129 1 143
14 102 1 117
16 104 1 121
15 131 1 147
13 104 2 119
14 108 0 123
15 140 1 156
14 124 1 139
15 137 1 153
15 125 1 141
15 140 1 156
15 103 1 119
11 125 1 137
14 219 1 234
15 142 1 158
12 121 1 134
16 139 1 156
13 109 1 123
13 111 1 125
14 148 1 163
15 113 1 129
15 104 1 120
13 138 1 152
25 104 2 131
13 107 1 121
15 113 1 129
12 137 1 150
13 122 1 136
13 113 1 127
14 126 1 141
14 221 1 236
20 117 1 138
15 113 1 129
12 116 1 129
12 115 1 128
15 126 2 143
15 205 2 222
15 125 1 141
12 110 1 124
14 105 2 121
15 231 1 248
15 115 2 132
15 113 1 129
14 112 1 128
12 132 1 145
15 121 1 137
15 117 1 133
15 111 2 128
28 209 1 238
16 222 2 240
15 115 1 131
9 102 1 113
15 111 1 127
15 140 2 157
16 123 1 140
13 120 1 134
15 106 1 122
16 123 1 140
16 103 1 120
21 114 1 136
16 123 2 141
16 110 1 127
15 103 1 119
14 242 1 257
14 231 1 246
15 260 1 276
16 143 1 160
14 128 1 143
15 125 1 141
15 99 1 115
15 120 1 136
15 105 2 122
13 102 1 116
15 100 1 116
15 111 1 127
14 132 8 154
14 115 2 131
16 122 1 139
14 146 1 161
16 102 1 120
15 124 2 141
17 127 2 146
16 107 1 125
16 114 1 131
16 107 1 124
15 107 1 123
15 217 1 233
16 119 1 136
16 105 1 122
15 115 1 131
16 112 1 129
17 119 1 137
15 102 1 118
15 119 1 136
15 110 2 127
16 223 1 240
16 101 1 118
15 118 2 135
15 221 1 237
16 134 2 152
15 141 2 158
10 121 1 132
14 259 2 275
15 122 1 138
13 142 1 156
16 123 2 141
15 113 1 129
16 213 1 231
16 223 2 241
16 131 1 148
15 125 2 142
11 111 1 123
9 134 1 144
15 137 1 153
15 135 2 152
15 136 1 152
15 133 0 149
15 115 1 131
16 102 2 120
15 143 1 159
16 141 1 158
15 124 1 140
15 125 2 142
16 221 1 238
13 151 1 165
15 109 1 125
15 111 2 128
17 130 2 149
16 109 1 126
17 112 2 131
15 131 1 147
16 111 1 128
17 133 2 152
15 102 1 118
16 128 1 145
15 102 2 119
16 110 2 128
15 127 1 143
15 121 1 137
13 218 1 232
16 116 2 134
21 102 1 124
15 128 1 145
15 124 1 140
16 133 2 151
15 99 1 115
16 218 2 236
16 211 1 228
16 111 0 127
15 236 1 253
17 128 1 146
15 120 1 136
15 107 1 123
17 99 1 117
15 123 2 140
16 124 1 141
16 106 1 123
15 105 2 122
16 118 1 136
16 120 2 138
17 105 2 124
15 121 1 138
16 98 1 115
15 117 2 134
15 113 2 130
15 112 1 129
16 218 1 235
14 242 1 257
15 104 1 120
15 129 1 146
15 121 2 138
14 111 2 127
12 97 1 110
16 125 1 142
25 206 1 232
16 134 1 151
14 144 1 160
15 114 1 130
17 108 2 127
17 125 1 143
15 104 2 121
16 204 2 223
15 122 2 139
12 112 1 125
17 126 2 145
15 107 1 124
16 116 2 134
15 115 2 132
15 127 2 144
16 109 2 127
17 206 1 225
16 123 2 141
